    4.5280
    4.4579
    4.2040
    3.7843
    3.2720
    2.7664
    2.3500
    2.0672
    1.9292
    1.9298
    2.0526
    2.2657
    2.5111
    2.7079
    2.7847
    2.7217
    2.5597
    2.3680
    2.2040
    2.0956
    2.0435
    2.0306
    2.0319
    2.0253
    1.9997
    1.9581
    1.9113
    1.8682
    1.8285
    1.7808
    1.7081
    1.5983
    1.4540
    1.2936
    1.1433
    1.0249
    0.9504
    0.9229
    0.9386
    0.9879
    1.0538
    1.1134
    1.1431
    1.1294
    1.0754
    0.9978
    0.9174
    0.8504
    0.8055
    0.7853
    0.7886
    0.8120
    0.8513
    0.9022
    0.9612
    1.0256
    1.0940
    1.1654
    1.2387
    1.3123
    1.3843
    1.4542
    1.5234
    1.5963
    4.0546
    4.0294
    3.9022
    3.6341
    3.2372
    2.7815
    2.3595
    2.0412
    1.8583
    1.8142
    1.8979
    2.0834
    2.3210
    2.5353
    2.6525
    2.6426
    2.5366
    2.3980
    2.2829
    2.2178
    2.1997
    2.2044
    2.1999
    2.1626
    2.0898
    1.9988
    1.9137
    1.8505
    1.8085
    1.7702
    1.7085
    1.6013
    1.4474
    1.2693
    1.1004
    0.9687
    0.8885
    0.8632
    0.8899
    0.9607
    1.0602
    1.1636
    1.2415
    1.2716
    1.2496
    1.1898
    1.1150
    1.0455
    0.9937
    0.9649
    0.9598
    0.9767
    1.0138
    1.0695
    1.1429
    1.2323
    1.3345
    1.4434
    1.5498
    1.6432
    1.7156
    1.7652
    1.7978
    1.8253
    3.3492
    3.3467
    3.3894
    3.3971
    3.2902
    3.0416
    2.6994
    2.3526
    2.0769
    1.9091
    1.8531
    1.8923
    1.9958
    2.1212
    2.2256
    2.2827
    2.2949
    2.2855
    2.2805
    2.2922
    2.3135
    2.3227
    2.2960
    2.2241
    2.1194
    2.0092
    1.9200
    1.8654
    1.8401
    1.8219
    1.7788
    1.6851
    1.5373
    1.3583
    1.1838
    1.0438
    0.9544
    0.9192
    0.9352
    0.9950
    1.0865
    1.1916
    1.2897
    1.3631
    1.4031
    1.4113
    1.3961
    1.3675
    1.3341
    1.3033
    1.2819
    1.2773
    1.2979
    1.3515
    1.4442
    1.5769
    1.7418
    1.9194
    2.0798
    2.1921
    2.2383
    2.2229
    2.1704
    2.1120
    2.9096
    2.9295
    3.0834
    3.2948
    3.4449
    3.4218
    3.1918
    2.8225
    2.4284
    2.0991
    1.8736
    1.7526
    1.7185
    1.7469
    1.8124
    1.8921
    1.9701
    2.0389
    2.0963
    2.1401
    2.1656
    2.1665
    2.1409
    2.0956
    2.0454
    2.0082
    1.9962
    2.0105
    2.0378
    2.0518
    2.0222
    1.9300
    1.7798
    1.5985
    1.4211
    1.2746
    1.1725
    1.1165
    1.1011
    1.1174
    1.1556
    1.2069
    1.2653
    1.3281
    1.3942
    1.4609
    1.5221
    1.5682
    1.5907
    1.5882
    1.5703
    1.5558
    1.5680
    1.6278
    1.7502
    1.9386
    2.1778
    2.4277
    2.6279
    2.7230
    2.6942
    2.5717
    2.4141
    2.2764
    2.8903
    2.9316
    3.1140
    3.3747
    3.6016
    3.6664
    3.4968
    3.1280
    2.6743
    2.2517
    1.9270
    1.7181
    1.6150
    1.5982
    1.6447
    1.7289
    1.8237
    1.9040
    1.9534
    1.9682
    1.9572
    1.9372
    1.9264
    1.9405
    1.9887
    2.0718
    2.1798
    2.2898
    2.3692
    2.3859
    2.3224
    2.1866
    2.0078
    1.8222
    1.6585
    1.5309
    1.4403
    1.3789
    1.3354
    1.2997
    1.2675
    1.2409
    1.2275
    1.2363
    1.2734
    1.3389
    1.4242
    1.5127
    1.5841
    1.6253
    1.6391
    1.6455
    1.6739
    1.7533
    1.9042
    2.1312
    2.4123
    2.6899
    2.8822
    2.9240
    2.8114
    2.6053
    2.3904
    2.2309
    3.2341
    3.2982
    3.4389
    3.6108
    3.7390
    3.7407
    3.5659
    3.2309
    2.8116
    2.4005
    2.0654
    1.8365
    1.7160
    1.6914
    1.7424
    1.8394
    1.9446
    2.0186
    2.0361
    1.9991
    1.9344
    1.8788
    1.8647
    1.9118
    2.0251
    2.1915
    2.3768
    2.5278
    2.5904
    2.5364
    2.3801
    2.1689
    1.9566
    1.7812
    1.6588
    1.5874
    1.5530
    1.5345
    1.5104
    1.4660
    1.3997
    1.3231
    1.2545
    1.2107
    1.2022
    1.2313
    1.2918
    1.3692
    1.4444
    1.5014
    1.5368
    1.5640
    1.6078
    1.6957
    1.8483
    2.0701
    2.3379
    2.5929
    2.7539
    2.7615
    2.6224
    2.4065
    2.2009
    2.0669
    3.7080
    3.7991
    3.8709
    3.9188
    3.9301
    3.8789
    3.7344
    3.4813
    3.1399
    2.7648
    2.4215
    2.1601
    2.0050
    1.9580
    2.0046
    2.1138
    2.2370
    2.3175
    2.3161
    2.2338
    2.1111
    2.0020
    1.9493
    1.9749
    2.0786
    2.2364
    2.3986
    2.4995
    2.4865
    2.3513
    2.1348
    1.8998
    1.6982
    1.5575
    1.4832
    1.4674
    1.4926
    1.5347
    1.5665
    1.5657
    1.5241
    1.4511
    1.3678
    1.2963
    1.2526
    1.2432
    1.2657
    1.3103
    1.3619
    1.4067
    1.4389
    1.4658
    1.5055
    1.5803
    1.7084
    1.8945
    2.1204
    2.3370
    2.4757
    2.4849
    2.3686
    2.1869
    2.0170
    1.9155
    3.8749
    3.9609
    3.9830
    3.9874
    4.0133
    4.0629
    4.0912
    4.0257
    3.8121
    3.4614
    3.0515
    2.6810
    2.4197
    2.2955
    2.3031
    2.4111
    2.5615
    2.6763
    2.6886
    2.5825
    2.4020
    2.2177
    2.0866
    2.0352
    2.0612
    2.1376
    2.2178
    2.2482
    2.1932
    2.0547
    1.8689
    1.6831
    1.5332
    1.4372
    1.3979
    1.4089
    1.4575
    1.5247
    1.5881
    1.6258
    1.6240
    1.5833
    1.5171
    1.4459
    1.3887
    1.3574
    1.3553
    1.3771
    1.4117
    1.4461
    1.4725
    1.4933
    1.5219
    1.5776
    1.6772
    1.8265
    2.0114
    2.1917
    2.3093
    2.3183
    2.2194
    2.0626
    1.9164
    1.8336
    3.4569
    3.4492
    3.4114
    3.4187
    3.5299
    3.7565
    4.0441
    4.2701
    4.2930
    4.0513
    3.6207
    3.1586
    2.8000
    2.6105
    2.5983
    2.7334
    2.9480
    3.1371
    3.1933
    3.0704
    2.8137
    2.5197
    2.2713
    2.1081
    2.0306
    2.0150
    2.0242
    2.0202
    1.9779
    1.8951
    1.7894
    1.6858
    1.6045
    1.5561
    1.5426
    1.5592
    1.5975
    1.6458
    1.6910
    1.7200
    1.7228
    1.6969
    1.6488
    1.5928
    1.5459
    1.5221
    1.5282
    1.5620
    1.6129
    1.6652
    1.7052
    1.7300
    1.7504
    1.7864
    1.8570
    1.9703
    2.1139
    2.2509
    2.3292
    2.3096
    2.1956
    2.0357
    1.8939
    1.8190
    2.7511
    2.6138
    2.4882
    2.4454
    2.5360
    2.7775
    3.1387
    3.5188
    3.7644
    3.7595
    3.5228
    3.1929
    2.9229
    2.8081
    2.8814
    3.1262
    3.4696
    3.7748
    3.8861
    3.7274
    3.3587
    2.9200
    2.5323
    2.2516
    2.0811
    1.9963
    1.9640
    1.9530
    1.9419
    1.9237
    1.9026
    1.8876
    1.8847
    1.8944
    1.9121
    1.9310
    1.9454
    1.9518
    1.9480
    1.9320
    1.9019
    1.8581
    1.8064
    1.7584
    1.7291
    1.7323
    1.7754
    1.8555
    1.9571
    2.0551
    2.1236
    2.1512
    2.1482
    2.1413
    2.1584
    2.2137
    2.2985
    2.3794
    2.4098
    2.3566
    2.2260
    2.0638
    1.9290
    1.8658
    2.2305
    2.0220
    1.8352
    1.7285
    1.7375
    1.8758
    2.1318
    2.4538
    2.7449
    2.9063
    2.9101
    2.8232
    2.7554
    2.7988
    3.0025
    3.3643
    3.8110
    4.1888
    4.3216
    4.1294
    3.6915
    3.1748
    2.7184
    2.3846
    2.1761
    2.0676
    2.0267
    2.0250
    2.0435
    2.0742
    2.1172
    2.1743
    2.2430
    2.3146
    2.3761
    2.4156
    2.4275
    2.4129
    2.3769
    2.3239
    2.2566
    2.1790
    2.0996
    2.0332
    1.9975
    2.0084
    2.0735
    2.1865
    2.3235
    2.4447
    2.5093
    2.4980
    2.4263
    2.3351
    2.2667
    2.2458
    2.2717
    2.3191
    2.3479
    2.3236
    2.2407
    2.1286
    2.0343
    1.9981
    2.0490
    1.8407
    1.6390
    1.5014
    1.4622
    1.5336
    1.7103
    1.9618
    2.2257
    2.4265
    2.5236
    2.5429
    2.5558
    2.6354
    2.8255
    3.1256
    3.4763
    3.7610
    3.8540
    3.7034
    3.3695
    2.9739
    2.6218
    2.3644
    2.2082
    2.1359
    2.1223
    2.1444
    2.1866
    2.2428
    2.3135
    2.3999
    2.4992
    2.6028
    2.6988
    2.7765
    2.8304
    2.8593
    2.8620
    2.8346
    2.7716
    2.6724
    2.5482
    2.4220
    2.3226
    2.2737
    2.2861
    2.3525
    2.4444
    2.5166
    2.5235
    2.4461
    2.3047
    2.1476
    2.0231
    1.9612
    1.9691
    2.0332
    2.1238
    2.2048
    2.2495
    2.2561
    2.2465
    2.2510
    2.0790
    1.9275
    1.7628
    1.6448
    1.6151
    1.6928
    1.8762
    2.1359
    2.4073
    2.6079
    2.6846
    2.6507
    2.5720
    2.5198
    2.5376
    2.6317
    2.7725
    2.9026
    2.9598
    2.9102
    2.7684
    2.5838
    2.4092
    2.2784
    2.2025
    2.1753
    2.1830
    2.2107
    2.2483
    2.2922
    2.3435
    2.4045
    2.4759
    2.5568
    2.6462
    2.7448
    2.8535
    2.9694
    3.0793
    3.1575
    3.1713
    3.0971
    2.9382
    2.7282
    2.5166
    2.3465
    2.2412
    2.2003
    2.2024
    2.2106
    2.1851
    2.1035
    1.9742
    1.8318
    1.7168
    1.6598
    1.6759
    1.7662
    1.9183
    2.1058
    2.2929
    2.4456
    2.5457
    2.5954
    2.0683
    1.9838
    1.8957
    1.8519
    1.8920
    2.0387
    2.2916
    2.6147
    2.9276
    3.1281
    3.1502
    3.0104
    2.7903
    2.5795
    2.4354
    2.3763
    2.3918
    2.4528
    2.5216
    2.5638
    2.5612
    2.5158
    2.4437
    2.3638
    2.2895
    2.2268
    2.1760
    2.1361
    2.1060
    2.0865
    2.0784
    2.0829
    2.1019
    2.1388
    2.1999
    2.2939
    2.4281
    2.6026
    2.8017
    2.9879
    3.1054
    3.1024
    2.9618
    2.7170
    2.4345
    2.1793
    1.9913
    1.8817
    1.8397
    1.8399
    1.8488
    1.8358
    1.7870
    1.7118
    1.6372
    1.5940
    1.6065
    1.6896
    1.8473
    2.0700
    2.3297
    2.5808
    2.7718
    2.8676
    1.9039
    1.8330
    1.7843
    1.7853
    1.8591
    2.0194
    2.2632
    2.5615
    2.8534
    3.0608
    3.1273
    3.0521
    2.8885
    2.7092
    2.5722
    2.5080
    2.5220
    2.6003
    2.7141
    2.8245
    2.8918
    2.8876
    2.8039
    2.6539
    2.4634
    2.2613
    2.0709
    1.9075
    1.7782
    1.6842
    1.6234
    1.5926
    1.5896
    1.6147
    1.6716
    1.7662
    1.9042
    2.0860
    2.2990
    2.5110
    2.6708
    2.7248
    2.6458
    2.4532
    2.2046
    1.9644
    1.7789
    1.6688
    1.6347
    1.6637
    1.7316
    1.8065
    1.8560
    1.8622
    1.8302
    1.7853
    1.7605
    1.7842
    1.8749
    2.0382
    2.2627
    2.5147
    2.7407
    2.8869
    1.7564
    1.6702
    1.6073
    1.5758
    1.5822
    1.6303
    1.7209
    1.8503
    2.0082
    2.1778
    2.3388
    2.4729
    2.5719
    2.6412
    2.6971
    2.7596
    2.8444
    2.9553
    3.0802
    3.1901
    3.2445
    3.2059
    3.0569
    2.8104
    2.5049
    2.1876
    1.8976
    1.6576
    1.4755
    1.3496
    1.2745
    1.2438
    1.2529
    1.2986
    1.3792
    1.4935
    1.6389
    1.8088
    1.9895
    2.1584
    2.2862
    2.3451
    2.3204
    2.2198
    2.0724
    1.9168
    1.7886
    1.7120
    1.6986
    1.7487
    1.8506
    1.9787
    2.0953
    2.1617
    2.1575
    2.0934
    2.0054
    1.9368
    1.9224
    1.9815
    2.1171
    2.3124
    2.5299
    2.7190
    1.7961
    1.7268
    1.6511
    1.5639
    1.4681
    1.3766
    1.3079
    1.2806
    1.3096
    1.4049
    1.5697
    1.7956
    2.0572
    2.3142
    2.5258
    2.6693
    2.7499
    2.7906
    2.8146
    2.8310
    2.8305
    2.7905
    2.6886
    2.5164
    2.2871
    2.0300
    1.7786
    1.5586
    1.3851
    1.2633
    1.1937
    1.1746
    1.2045
    1.2809
    1.3991
    1.5493
    1.7152
    1.8758
    2.0116
    2.1113
    2.1740
    2.2067
    2.2173
    2.2110
    2.1895
    2.1549
    2.1140
    2.0793
    2.0665
    2.0886
    2.1498
    2.2403
    2.3341
    2.3944
    2.3896
    2.3135
    2.1917
    2.0691
    1.9895
    1.9817
    2.0572
    2.2087
    2.4092
    2.6150
    1.9562
    1.9613
    1.9244
    1.8192
    1.6478
    1.4454
    1.2612
    1.1341
    1.0853
    1.1239
    1.2533
    1.4671
    1.7359
    2.0008
    2.1912
    2.2657
    2.2369
    2.1553
    2.0740
    2.0252
    2.0163
    2.0350
    2.0574
    2.0572
    2.0161
    1.9299
    1.8088
    1.6720
    1.5403
    1.4322
    1.3618
    1.3393
    1.3711
    1.4598
    1.6006
    1.7773
    1.9601
    2.1132
    2.2116
    2.2556
    2.2710
    2.2932
    2.3498
    2.4492
    2.5764
    2.6968
    2.7702
    2.7730
    2.7132
    2.6243
    2.5439
    2.4950
    2.4776
    2.4715
    2.4479
    2.3871
    2.2929
    2.1931
    2.1248
    2.1190
    2.1912
    2.3371
    2.5300
    2.7248
    1.9448
    2.0214
    2.0780
    2.0578
    1.9309
    1.7230
    1.4997
    1.3244
    1.2336
    1.2402
    1.3433
    1.5271
    1.7497
    1.9413
    2.0332
    2.0025
    1.8857
    1.7469
    1.6387
    1.5869
    1.5955
    1.6538
    1.7422
    1.8362
    1.9117
    1.9501
    1.9419
    1.8875
    1.7980
    1.6923
    1.5941
    1.5264
    1.5069
    1.5459
    1.6444
    1.7904
    1.9573
    2.1094
    2.2185
    2.2832
    2.3313
    2.4058
    2.5442
    2.7618
    3.0388
    3.3136
    3.4981
    3.5237
    3.3879
    3.1549
    2.9096
    2.7129
    2.5857
    2.5164
    2.4765
    2.4376
    2.3883
    2.3401
    2.3201
    2.3561
    2.4627
    2.6318
    2.8280
    2.9969
    1.6616
    1.7253
    1.8440
    1.9613
    2.0134
    1.9695
    1.8555
    1.7327
    1.6581
    1.6633
    1.7527
    1.9035
    2.0647
    2.1698
    2.1725
    2.0773
    1.9328
    1.7964
    1.7062
    1.6754
    1.6986
    1.7593
    1.8365
    1.9110
    1.9693
    2.0034
    2.0063
    1.9705
    1.8910
    1.7730
    1.6353
    1.5060
    1.4122
    1.3725
    1.3953
    1.4788
    1.6103
    1.7672
    1.9241
    2.0668
    2.2033
    2.3610
    2.5715
    2.8519
    3.1854
    3.5104
    3.7343
    3.7825
    3.6502
    3.4061
    3.1437
    2.9314
    2.7937
    2.7197
    2.6789
    2.6416
    2.5955
    2.5535
    2.5448
    2.5982
    2.7264
    2.9142
    3.1138
    3.2587
    1.4234
    1.4485
    1.5817
    1.7861
    2.0008
    2.1608
    2.2353
    2.2456
    2.2423
    2.2683
    2.3376
    2.4305
    2.5037
    2.5137
    2.4459
    2.3251
    2.1979
    2.1046
    2.0638
    2.0703
    2.1016
    2.1280
    2.1271
    2.0944
    2.0417
    1.9851
    1.9317
    1.8746
    1.7979
    1.6894
    1.5531
    1.4108
    1.2918
    1.2202
    1.2100
    1.2655
    1.3827
    1.5475
    1.7371
    1.9278
    2.1082
    2.2854
    2.4784
    2.7023
    2.9525
    3.1973
    3.3867
    3.4798
    3.4728
    3.4023
    3.3217
    3.2704
    3.2578
    3.2626
    3.2477
    3.1847
    3.0758
    2.9565
    2.8759
    2.8730
    2.9608
    3.1177
    3.2874
    3.3968
    1.5259
    1.5566
    1.7188
    1.9819
    2.2859
    2.5527
    2.7253
    2.7996
    2.8143
    2.8128
    2.8134
    2.8043
    2.7588
    2.6603
    2.5198
    2.3730
    2.2597
    2.2051
    2.2117
    2.2590
    2.3092
    2.3219
    2.2756
    2.1793
    2.0638
    1.9608
    1.8859
    1.8346
    1.7881
    1.7256
    1.6391
    1.5400
    1.4544
    1.4097
    1.4263
    1.5137
    1.6691
    1.8733
    2.0910
    2.2823
    2.4229
    2.5170
    2.5913
    2.6754
    2.7867
    2.9243
    3.0742
    3.2216
    3.3626
    3.5086
    3.6763
    3.8708
    4.0690
    4.2171
    4.2513
    4.1380
    3.9043
    3.6271
    3.3905
    3.2498
    3.2183
    3.2697
    3.3460
    3.3800
    2.1224
    2.2345
    2.4630
    2.7563
    3.0311
    3.2068
    3.2510
    3.1931
    3.0914
    2.9908
    2.9022
    2.8079
    2.6824
    2.5162
    2.3276
    2.1536
    2.0302
    1.9782
    1.9990
    2.0751
    2.1722
    2.2489
    2.2746
    2.2453
    2.1827
    2.1177
    2.0724
    2.0524
    2.0492
    2.0492
    2.0456
    2.0461
    2.0726
    2.1522
    2.3073
    2.5438
    2.8407
    3.1425
    3.3726
    3.4710
    3.4323
    3.3080
    3.1717
    3.0826
    3.0711
    3.1412
    3.2808
    3.4726
    3.7042
    3.9727
    4.2779
    4.6070
    4.9169
    5.1308
    5.1653
    4.9809
    4.6178
    4.1780
    3.7697
    3.4615
    3.2719
    3.1797
    3.1400
    3.1041
    3.1245
    3.3606
    3.5984
    3.7533
    3.7563
    3.6006
    3.3463
    3.0783
    2.8593
    2.7114
    2.6197
    2.5478
    2.4566
    2.3268
    2.1694
    2.0185
    1.9113
    1.8735
    1.9148
    2.0283
    2.1909
    2.3648
    2.5087
    2.5953
    2.6233
    2.6126
    2.5903
    2.5776
    2.5871
    2.6270
    2.7083
    2.8491
    3.0745
    3.4089
    3.8610
    4.4006
    4.9384
    5.3354
    5.4656
    5.2980
    4.9216
    4.4855
    4.1183
    3.8885
    3.8104
    3.8627
    4.0038
    4.1862
    4.3719
    4.5437
    4.7027
    4.8513
    4.9735
    5.0258
    4.9515
    4.7146
    4.3318
    3.8724
    3.4233
    3.0509
    2.7847
    2.6240
    2.5499
    2.5371
    3.8482
    4.0478
    4.1089
    3.9807
    3.6818
    3.2935
    2.9137
    2.6124
    2.4181
    2.3255
    2.3079
    2.3260
    2.3395
    2.3225
    2.2756
    2.2244
    2.2046
    2.2476
    2.3711
    2.5748
    2.8365
    3.1118
    3.3450
    3.4921
    3.5405
    3.5114
    3.4448
    3.3819
    3.3563
    3.3944
    3.5200
    3.7575
    4.1295
    4.6463
    5.2846
    5.9615
    6.5294
    6.8211
    6.7431
    6.3423
    5.7786
    5.2301
    4.8175
    4.5864
    4.5235
    4.5760
    4.6675
    4.7214
    4.6906
    4.5754
    4.4139
    4.2512
    4.1111
    3.9851
    3.8383
    3.6309
    3.3442
    2.9975
    2.6396
    2.3244
    2.0899
    1.9537
    1.9191
    1.9814
    3.7985
    3.7986
    3.6843
    3.4563
    3.1558
    2.8446
    2.5781
    2.3893
    2.2878
    2.2660
    2.3047
    2.3793
    2.4665
    2.5541
    2.6469
    2.7652
    2.9363
    3.1832
    3.5128
    3.9052
    4.3092
    4.6523
    4.8692
    4.9348
    4.8748
    4.7493
    4.6226
    4.5436
    4.5399
    4.6227
    4.7939
    5.0502
    5.3819
    5.7669
    6.1618
    6.4985
    6.6958
    6.6917
    6.4775
    6.1101
    5.6871
    5.3037
    5.0209
    4.8548
    4.7811
    4.7457
    4.6828
    4.5422
    4.3130
    4.0274
    3.7396
    3.4962
    3.3180
    3.1957
    3.0958
    2.9737
    2.7946
    2.5532
    2.2786
    2.0187
    1.8178
    1.7052
    1.6969
    1.8014
    3.4856
    3.3643
    3.2381
    3.1088
    2.9845
    2.8769
    2.7959
    2.7467
    2.7277
    2.7324
    2.7542
    2.7917
    2.8530
    2.9568
    3.1297
    3.4003
    3.7911
    4.3054
    4.9119
    5.5337
    6.0607
    6.3936
    6.4965
    6.4172
    6.2590
    6.1303
    6.1076
    6.2226
    6.4621
    6.7732
    7.0755
    7.2859
    7.3501
    7.2624
    7.0614
    6.8054
    6.5460
    6.3136
    6.1157
    5.9437
    5.7817
    5.6139
    5.4280
    5.2163
    4.9750
    4.7047
    4.4130
    4.1150
    3.8330
    3.5913
    3.4103
    3.3005
    3.2588
    3.2657
    3.2858
    3.2732
    3.1878
    3.0153
    2.7779
    2.5246
    2.3091
    2.1732
    2.1416
    2.2253
    3.4837
    3.3562
    3.2986
    3.3038
    3.3570
    3.4372
    3.5188
    3.5757
    3.5887
    3.5537
    3.4861
    3.4182
    3.3911
    3.4464
    3.6208
    3.9419
    4.4219
    5.0438
    5.7468
    6.4245
    6.9550
    7.2572
    7.3361
    7.2810
    7.2205
    7.2714
    7.5077
    7.9443
    8.5245
    9.1119
    9.5157
    9.5665
    9.2121
    8.5545
    7.7900
    7.1095
    6.6336
    6.4034
    6.3954
    6.5335
    6.6978
    6.7501
    6.5849
    6.1819
    5.6139
    5.0019
    4.4552
    4.0395
    3.7774
    3.6641
    3.6803
    3.7986
    3.9839
    4.1939
    4.3816
    4.5026
    4.5260
    4.4442
    4.2760
    4.0596
    3.8393
    3.6530
    3.5245
    3.4612
    3.9321
    3.8294
    3.8061
    3.8478
    3.9277
    4.0128
    4.0710
    4.0814
    4.0417
    3.9695
    3.8966
    3.8591
    3.8894
    4.0117
    4.2396
    4.5742
    5.0010
    5.4873
    5.9842
    6.4356
    6.7943
    7.0393
    7.1847
    7.2760
    7.3758
    7.5447
    7.8225
    8.2112
    8.6597
    9.0580
    9.2615
    9.1522
    8.7125
    8.0496
    7.3464
    6.7777
    6.4589
    6.4365
    6.6943
    7.1450
    7.6165
    7.8768
    7.7354
    7.1655
    6.3273
    5.4582
    4.7440
    4.2727
    4.0573
    4.0740
    4.2798
    4.6140
    4.9987
    5.3510
    5.6095
    5.7547
    5.8074
    5.8077
    5.7897
    5.7653
    5.7209
    5.6254
    5.4470
    5.1757
    4.7563
    4.6281
    4.5155
    4.4001
    4.2644
    4.1031
    3.9296
    3.7733
    3.6708
    3.6561
    3.7543
    3.9770
    4.3161
    4.7373
    5.1789
    5.5658
    5.8389
    5.9834
    6.0328
    6.0476
    6.0835
    6.1694
    6.3005
    6.4454
    6.5636
    6.6278
    6.6386
    6.6215
    6.6088
    6.6184
    6.6407
    6.6415
    6.5821
    6.4469
    6.2625
    6.0928
    6.0137
    6.0838
    6.3213
    6.6837
    7.0555
    7.2656
    7.1612
    6.7062
    6.0159
    5.2854
    4.6842
    4.3047
    4.1724
    4.2721
    4.5585
    4.9532
    5.3474
    5.6332
    5.7524
    5.7257
    5.6329
    5.5661
    5.5894
    5.7193
    5.9190
    6.1027
    6.1618
    6.0192
    5.9096
    5.7051
    5.4165
    5.0452
    4.6159
    4.1768
    3.7894
    3.5117
    3.3895
    3.4571
    3.7407
    4.2515
    4.9604
    5.7608
    6.4596
    6.8462
    6.8189
    6.4542
    5.9457
    5.4824
    5.1758
    5.0526
    5.0750
    5.1613
    5.2132
    5.1594
    4.9940
    4.7793
    4.6079
    4.5595
    4.6783
    4.9645
    5.3687
    5.7928
    6.1157
    6.2502
    6.1898
    6.0052
    5.7921
    5.6186
    5.4997
    5.4018
    5.2661
    5.0460
    4.7394
    4.3961
    4.0915
    3.8939
    3.8454
    3.9571
    4.2080
    4.5386
    4.8541
    5.0520
    5.0732
    4.9370
    4.7283
    4.5502
    4.4821
    4.5631
    4.7889
    5.1093
    5.4318
    5.6494
    7.4818
    7.2564
    6.8495
    6.2962
    5.6663
    5.0487
    4.5302
    4.1796
    4.0452
    4.1623
    4.5586
    5.2405
    6.1498
    7.1086
    7.8207
    8.0029
    7.5818
    6.7520
    5.8262
    5.0464
    4.5168
    4.2355
    4.1426
    4.1477
    4.1531
    4.0890
    3.9498
    3.7966
    3.7242
    3.8245
    4.1709
    4.8063
    5.7081
    6.7250
    7.5570
    7.8781
    7.5625
    6.7808
    5.8524
    5.0356
    4.4442
    4.0796
    3.8867
    3.7909
    3.7219
    3.6360
    3.5301
    3.4363
    3.4005
    3.4606
    3.6315
    3.8954
    4.1959
    4.4461
    4.5634
    4.5174
    4.3516
    4.1576
    4.0291
    4.0308
    4.1901
    4.4962
    4.8970
    5.3054
    9.4243
    9.3026
    8.8922
    8.2759
    7.5716
    6.8943
    6.3358
    5.9603
    5.8096
    5.9093
    6.2682
    6.8621
    7.6033
    8.3131
    8.7453
    8.6922
    8.1183
    7.1933
    6.1829
    5.3032
    4.6573
    4.2524
    4.0416
    3.9541
    3.9157
    3.8722
    3.8136
    3.7816
    3.8543
    4.1258
    4.6916
    5.6277
    6.9283
    8.3921
    9.5620
    9.9102
    9.2397
    7.8697
    6.3544
    5.0979
    4.2381
    3.7440
    3.5239
    3.4743
    3.4924
    3.4908
    3.4249
    3.3083
    3.1973
    3.1557
    3.2290
    3.4331
    3.7473
    4.1087
    4.4238
    4.6095
    4.6442
    4.5829
    4.5216
    4.5493
    4.7176
    5.0293
    5.4340
    5.8371
   11.0837
   11.0337
   10.5445
    9.7981
    9.0058
    8.3201
    7.8145
    7.5037
    7.3722
    7.3955
    7.5497
    7.8105
    8.1435
    8.4904
    8.7616
    8.8498
    8.6692
    8.2040
    7.5275
    6.7714
    6.0665
    5.4985
    5.0976
    4.8511
    4.7229
    4.6729
    4.6753
    4.7337
    4.8848
    5.1895
    5.7149
    6.5035
    7.5221
    8.5945
    9.3838
    9.5260
    8.8876
    7.6944
    6.3643
    5.2343
    4.4466
    3.9965
    3.8121
    3.7946
    3.8310
    3.8154
    3.6903
    3.4745
    3.2443
    3.0850
    3.0570
    3.1881
    3.4756
    3.8814
    4.3311
    4.7360
    5.0403
    5.2560
    5.4527
    5.7113
    6.0758
    6.5213
    6.9438
    7.1986
   11.4609
   11.2437
   10.4654
    9.4384
    8.4755
    7.7563
    7.3241
    7.1358
    7.1083
    7.1562
    7.2247
    7.3108
    7.4582
    7.7275
    8.1566
    8.7232
    9.3196
    9.7622
    9.8639
    9.5448
    8.8926
    8.1099
    7.4006
    6.8911
    6.6178
    6.5488
    6.6103
    6.7133
    6.7868
    6.8062
    6.7960
    6.8035
    6.8584
    6.9430
    6.9849
    6.8839
    6.5697
    6.0576
    5.4499
    4.8787
    4.4430
    4.1819
    4.0797
    4.0777
    4.0887
    4.0261
    3.8469
    3.5781
    3.2978
    3.0897
    3.0109
    3.0874
    3.3182
    3.6761
    4.1083
    4.5532
    4.9731
    5.3805
    5.8306
    6.3811
    7.0392
    7.7144
    8.2134
    8.3284
   10.3649
    9.9311
    9.0150
    7.9598
    7.0675
    6.4862
    6.2315
    6.2401
    6.4070
    6.6168
    6.7892
    6.9223
    7.0973
    7.4409
    8.0720
    9.0508
   10.3154
   11.6214
   12.5696
   12.8032
   12.2658
   11.2493
   10.1785
    9.3719
    8.9584
    8.9045
    9.0532
    9.1628
    8.9934
    8.4369
    7.5844
    6.6510
    5.8350
    5.2369
    4.8626
    4.6599
    4.5506
    4.4587
    4.3365
    4.1792
    4.0165
    3.8852
    3.8047
    3.7650
    3.7311
    3.6603
    3.5290
    3.3507
    3.1715
    3.0471
    3.0210
    3.1147
    3.3258
    3.6270
    3.9716
    4.3137
    4.6367
    4.9690
    5.3704
    5.8953
    6.5468
    7.2339
    7.7656
    7.9362
    8.6455
    8.2213
    7.5622
    6.8973
    6.4207
    6.2335
    6.3524
    6.7267
    7.2456
    7.7611
    8.1533
    8.4071
    8.6343
    9.0206
    9.7484
   10.9278
   12.5176
   14.2345
   15.5557
   15.9599
   15.3047
   13.9506
   12.4795
   11.3396
   10.7111
   10.5425
   10.6064
   10.5539
   10.0510
    8.9885
    7.5701
    6.1516
    5.0030
    4.2192
    3.7721
    3.5834
    3.5608
    3.6089
    3.6419
    3.6081
    3.5057
    3.3707
    3.2463
    3.1588
    3.1101
    3.0848
    3.0646
    3.0431
    3.0335
    3.0630
    3.1613
    3.3459
    3.6119
    3.9254
    4.2300
    4.4720
    4.6330
    4.7455
    4.8747
    5.0832
    5.3987
    5.7928
    6.1771
    6.4372
    7.2096
    6.9784
    6.7767
    6.7087
    6.8690
    7.3237
    8.0933
    9.1262
   10.2767
   11.3294
   12.0998
   12.5552
   12.8500
   13.2463
   13.9929
   15.2275
   16.8893
   18.6402
   19.8924
   20.0745
   19.0291
   17.1493
   15.0867
   13.3533
   12.1529
   11.4218
   10.9224
   10.3399
    9.4232
    8.1386
    6.6909
    5.3646
    4.3473
    3.6841
    3.3317
    3.2145
    3.2465
    3.3335
    3.3859
    3.3485
    3.2239
    3.0612
    2.9194
    2.8387
    2.8315
    2.8880
    2.9864
    3.1064
    3.2418
    3.4053
    3.6217
    3.9121
    4.2756
    4.6739
    5.0312
    5.2607
    5.3132
    5.2094
    5.0290
    4.8652
    4.7867
    4.8222
    4.9637
    5.1770
    6.4729
    6.4801
    6.7052
    7.1951
    7.9882
    9.1053
   10.5265
   12.1615
   13.8388
   15.3441
   16.5112
   17.3173
   17.9076
   18.5313
   19.4339
   20.7537
   22.4329
   24.1509
   25.3546
   25.4741
   24.2662
   21.9981
   19.2716
   16.6587
   14.4642
   12.7139
   11.2607
    9.9120
    8.5406
    7.1492
    5.8482
    4.7666
    3.9757
    3.4768
    3.2273
    3.1657
    3.2183
    3.3016
    3.3389
    3.2904
    3.1713
    3.0367
    2.9474
    2.9446
    3.0426
    3.2302
    3.4758
    3.7399
    3.9944
    4.2395
    4.5045
    4.8289
    5.2353
    5.7032
    6.1548
    6.4692
    6.5374
    6.3296
    5.9188
    5.4391
    5.0176
    4.7362
    4.6291
    4.6948
    6.4443
    6.6906
    7.2251
    8.0498
    9.1308
   10.4038
   11.7886
   13.2109
   14.6158
   15.9677
   17.2433
   18.4327
   19.5528
   20.6598
   21.8416
   23.1800
   24.6854
   26.2274
   27.4996
   28.0770
   27.5932
   25.9529
   23.4107
   20.4343
   17.4670
   14.7735
   12.4296
   10.4012
    8.6332
    7.1021
    5.8210
    4.8118
    4.0779
    3.5967
    3.3260
    3.2128
    3.1968
    3.2151
    3.2148
    3.1722
    3.1022
    3.0483
    3.0599
    3.1751
    3.4110
    3.7571
    4.1711
    4.5870
    4.9423
    5.2143
    5.4330
    5.6626
    5.9633
    6.3569
    6.8031
    7.1962
    7.3965
    7.3013
    6.9120
    6.3393
    5.7403
    5.2475
    4.9361
    4.8269
    6.8016
    7.2540
    7.9555
    8.8416
    9.8006
   10.7234
   11.5659
   12.3753
   13.2595
   14.3200
   15.5886
   16.9919
   18.3652
   19.5281
   20.3882
   21.0000
   21.5252
   22.1249
   22.8480
   23.5670
   23.9904
   23.7745
   22.7064
   20.8389
   18.4621
   15.9380
   13.5403
   11.3989
    9.5358
    7.9303
    6.5651
    5.4379
    4.5501
    3.8922
    3.4382
    3.1502
    2.9842
    2.8961
    2.8480
    2.8165
    2.7995
    2.8147
    2.8918
    3.0613
    3.3435
    3.7377
    4.2109
    4.6959
    5.1118
    5.4040
    5.5764
    5.6878
    5.8165
    6.0219
    6.3174
    6.6592
    6.9520
    7.0831
    6.9795
    6.6540
    6.2005
    5.7435
    5.3843
    5.1753
    6.9661
    7.4586
    8.1286
    8.8806
    9.5965
   10.2083
   10.7516
   11.3575
   12.1870
   13.3498
   14.8278
   16.4177
   17.7504
   18.4493
   18.3660
   17.6896
   16.8192
   16.1358
   15.8571
   16.0059
   16.4298
   16.8484
   16.9501
   16.5316
   15.5912
   14.2950
   12.8502
   11.3967
    9.9827
    8.6051
    7.2678
    6.0131
    4.9095
    4.0142
    3.3477
    2.8937
    2.6148
    2.4671
    2.4083
    2.4023
    2.4245
    2.4671
    2.5395
    2.6628
    2.8602
    3.1455
    3.5120
    3.9241
    4.3195
    4.6316
    4.8249
    4.9153
    4.9604
    5.0282
    5.1675
    5.3901
    5.6661
    5.9297
    6.1029
    6.1321
    6.0168
    5.8095
    5.5848
    5.4052
    6.6810
    6.9909
    7.4384
    7.9498
    8.4513
    8.9266
    9.4465
   10.1508
   11.1914
   12.6577
   14.4809
   16.3423
   17.6947
   18.0171
   17.1797
   15.5555
   13.7479
   12.2394
   11.2533
   10.8024
   10.7747
   10.9893
   11.2402
   11.3548
   11.2506
   10.9402
   10.4789
    9.8989
    9.1816
    8.2856
    7.2076
    6.0258
    4.8801
    3.9032
    3.1650
    2.6687
    2.3789
    2.2481
    2.2281
    2.2720
    2.3370
    2.3941
    2.4368
    2.4819
    2.5586
    2.6938
    2.9000
    3.1670
    3.4584
    3.7198
    3.9023
    3.9908
    4.0133
    4.0258
    4.0850
    4.2285
    4.4644
    4.7685
    5.0880
    5.3574
    5.5244
    5.5727
    5.5244
    5.4218
    6.4327
    6.5315
    6.7206
    6.9436
    7.1585
    7.3794
    7.6900
    8.2237
    9.1239
   10.4936
   12.3116
   14.3213
   15.9873
   16.6901
   16.1295
   14.5612
   12.5919
   10.7761
    9.4017
    8.5197
    8.0545
    7.8851
    7.8881
    7.9624
    8.0452
    8.1086
    8.1345
    8.0829
    7.8778
    7.4327
    6.7112
    5.7788
    4.7877
    3.8997
    3.2158
    2.7626
    2.5192
    2.4463
    2.4968
    2.6153
    2.7393
    2.8150
    2.8200
    2.7722
    2.7143
    2.6890
    2.7208
    2.8102
    2.9343
    3.0548
    3.1342
    3.1564
    3.1373
    3.1175
    3.1434
    3.2522
    3.4633
    3.7729
    4.1505
    4.5402
    4.8741
    5.0963
    5.1832
    5.1482
    6.7800
    6.8281
    6.8423
    6.7688
    6.5956
    6.3816
    6.2447
    6.3240
    6.7536
    7.6495
    9.0775
   10.9662
   12.9873
   14.5499
   15.0682
   14.3638
   12.7881
   10.9301
    9.2553
    7.9742
    7.1064
    6.5846
    6.3229
    6.2463
    6.2984
    6.4357
    6.6134
    6.7683
    6.8123
    6.6514
    6.2334
    5.5921
    4.8447
    4.1350
    3.5709
    3.2013
    3.0292
    3.0312
    3.1646
    3.3638
    3.5423
    3.6178
    3.5511
    3.3652
    3.1245
    2.8947
    2.7151
    2.5943
    2.5184
    2.4628
    2.4052
    2.3373
    2.2686
    2.2222
    2.2254
    2.3022
    2.4683
    2.7281
    3.0691
    3.4570
    3.8374
    4.1496
    4.3478
    4.4175
    7.5594
    7.7358
    7.6801
    7.3436
    6.7804
    6.1413
    5.6094
    5.3390
    5.4449
    6.0267
    7.1800
    8.9429
   11.1573
   13.3297
   14.7251
   14.7988
   13.6031
   11.7059
    9.7472
    8.1190
    6.9416
    6.1794
    5.7457
    5.5526
    5.5265
    5.6071
    5.7396
    5.8663
    5.9238
    5.8510
    5.6128
    5.2226
    4.7458
    4.2742
    3.8912
    3.6501
    3.5709
    3.6458
    3.8373
    4.0737
    4.2533
    4.2769
    4.0979
    3.7492
    3.3182
    2.8947
    2.5345
    2.2549
    2.0472
    1.8919
    1.7701
    1.6702
    1.5905
    1.5375
    1.5224
    1.5569
    1.6510
    1.8107
    2.0354
    2.3141
    2.6224
    2.9255
    3.1865
    3.3790
    7.7024
    7.9558
    7.8894
    7.4763
    6.8171
    6.1026
    5.5303
    5.2489
    5.3623
    5.9635
    7.1459
    8.9464
   11.1987
   13.3927
   14.7781
   14.8142
   13.5790
   11.6655
    9.7197
    8.1233
    6.9809
    6.2419
    5.8036
    5.5617
    5.4295
    5.3441
    5.2673
    5.1796
    5.0702
    4.9298
    4.7507
    4.5337
    4.2954
    4.0684
    3.8935
    3.8076
    3.8336
    3.9722
    4.1925
    4.4244
    4.5649
    4.5143
    4.2309
    3.7612
    3.2114
    2.6875
    2.2535
    1.9270
    1.6966
    1.5390
    1.4300
    1.3503
    1.2883
    1.2408
    1.2110
    1.2062
    1.2345
    1.3032
    1.4170
    1.5773
    1.7800
    2.0143
    2.2635
    2.5079
    6.5867
    6.6648
    6.5642
    6.2955
    5.9338
    5.5971
    5.4108
    5.4860
    5.9187
    6.7914
    8.1416
    9.8761
   11.6702
   12.9913
   13.3610
   12.6915
   11.3373
    9.8130
    8.4969
    7.5423
    6.9386
    6.5920
    6.3782
    6.1786
    5.9136
    5.5651
    5.1699
    4.7877
    4.4670
    4.2291
    4.0699
    3.9705
    3.9111
    3.8817
    3.8880
    3.9475
    4.0781
    4.2829
    4.5343
    4.7622
    4.8630
    4.7399
    4.3635
    3.7999
    3.1747
    2.6042
    2.1521
    1.8302
    1.6204
    1.4935
    1.4196
    1.3718
    1.3303
    1.2850
    1.2369
    1.1951
    1.1716
    1.1778
    1.2220
    1.3094
    1.4415
    1.6155
    1.8233
    2.0519
    5.1721
    5.0687
    4.9438
    4.8240
    4.7539
    4.7924
    5.0065
    5.4634
    6.2171
    7.2752
    8.5393
    9.7558
   10.5606
   10.6682
   10.0759
    9.0690
    8.0223
    7.2078
    6.7420
    6.6233
    6.7714
    7.0398
    7.2330
    7.1718
    6.7858
    6.1540
    5.4437
    4.8102
    4.3398
    4.0523
    3.9265
    3.9227
    3.9979
    4.1176
    4.2653
    4.4436
    4.6637
    4.9259
    5.1978
    5.4023
    5.4322
    5.2000
    4.7011
    4.0306
    3.3323
    2.7243
    2.2621
    1.9481
    1.7569
    1.6541
    1.6041
    1.5738
    1.5372
    1.4817
    1.4103
    1.3372
    1.2804
    1.2546
    1.2693
    1.3288
    1.4327
    1.5760
    1.7486
    1.9373
    4.3626
    4.2453
    4.1500
    4.1011
    4.1323
    4.2850
    4.6030
    5.1226
    5.8498
    6.7241
    7.5833
    8.1821
    8.3055
    7.9158
    7.1920
    6.4136
    5.8137
    5.5200
    5.5757
    5.9660
    6.6091
    7.3255
    7.8477
    7.9318
    7.5127
    6.7469
    5.8918
    5.1549
    4.6343
    4.3420
    4.2448
    4.2923
    4.4319
    4.6200
    4.8323
    5.0645
    5.3204
    5.5896
    5.8266
    5.9457
    5.8474
    5.4748
    4.8630
    4.1315
    3.4206
    2.8284
    2.3913
    2.1003
    1.9248
    1.8275
    1.7711
    1.7232
    1.6624
    1.5831
    1.4947
    1.4146
    1.3595
    1.3415
    1.3662
    1.4339
    1.5400
    1.6749
    1.8252
    1.9775
    4.0953
    4.0818
    4.0675
    4.0665
    4.1051
    4.2184
    4.4418
    4.7996
    5.2883
    5.8554
    6.3873
    6.7327
    6.7742
    6.5072
    6.0526
    5.5887
    5.2702
    5.1926
    5.3967
    5.8732
    6.5462
    7.2512
    7.7572
    7.8680
    7.5413
    6.9100
    6.1846
    5.5378
    5.0571
    4.7577
    4.6140
    4.5859
    4.6352
    4.7366
    4.8810
    5.0686
    5.2942
    5.5286
    5.7083
    5.7442
    5.5586
    5.1347
    4.5374
    3.8834
    3.2826
    2.7995
    2.4500
    2.2183
    2.0737
    1.9812
    1.9083
    1.8316
    1.7415
    1.6432
    1.5505
    1.4788
    1.4394
    1.4380
    1.4750
    1.5467
    1.6462
    1.7648
    1.8937
    2.0259
    3.8643
    3.9567
    4.0501
    4.1390
    4.2306
    4.3457
    4.5137
    4.7617
    5.1016
    5.5169
    5.9528
    6.3225
    6.5374
    6.5529
    6.3982
    6.1636
    5.9572
    5.8647
    5.9299
    6.1498
    6.4744
    6.8118
    7.0504
    7.1013
    6.9369
    6.5989
    6.1675
    5.7215
    5.3130
    4.9654
    4.6845
    4.4708
    4.3284
    4.2660
    4.2923
    4.4076
    4.5936
    4.8037
    4.9641
    4.9920
    4.8332
    4.4946
    4.0435
    3.5714
    3.1534
    2.8283
    2.6015
    2.4567
    2.3672
    2.3036
    2.2416
    2.1675
    2.0808
    1.9907
    1.9094
    1.8468
    1.8074
    1.7907
    1.7938
    1.8140
    1.8507
    1.9072
    1.9889
    2.1011
    3.3842
    3.4955
    3.6707
    3.8973
    4.1594
    4.4448
    4.7513
    5.0857
    5.4570
    5.8654
    6.2907
    6.6891
    7.0011
    7.1737
    7.1854
    7.0579
    6.8469
    6.6176
    6.4232
    6.2925
    6.2302
    6.2211
    6.2376
    6.2467
    6.2158
    6.1174
    5.9336
    5.6601
    5.3110
    4.9183
    4.5269
    4.1835
    3.9262
    3.7787
    3.7478
    3.8224
    3.9714
    4.1424
    4.2698
    4.2954
    4.1938
    3.9844
    3.7184
    3.4528
    3.2284
    3.0634
    2.9561
    2.8926
    2.8550
    2.8282
    2.8042
    2.7828
    2.7676
    2.7605
    2.7576
    2.7477
    2.7163
    2.6533
    2.5596
    2.4504
    2.3505
    2.2868
    2.2818
    2.3488
    2.8705
    2.9557
    3.1665
    3.5013
    3.9428
    4.4566
    4.9954
    5.5094
    5.9599
    6.3258
    6.6028
    6.7948
    6.9071
    6.9430
    6.9051
    6.7994
    6.6385
    6.4420
    6.2344
    6.0416
    5.8855
    5.7804
    5.7281
    5.7155
    5.7128
    5.6781
    5.5683
    5.3567
    5.0483
    4.6814
    4.3134
    3.9995
    3.7773
    3.6610
    3.6433
    3.6980
    3.7841
    3.8552
    3.8748
    3.8306
    3.7380
    3.6284
    3.5326
    3.4674
    3.4312
    3.4080
    3.3763
    3.3222
    3.2486
    3.1758
    3.1333
    3.1481
    3.2350
    3.3892
    3.5815
    3.7594
    3.8608
    3.8407
    3.6966
    3.4708
    3.2287
    3.0310
    2.9176
    2.9052
    2.5708
    2.6351
    2.8350
    3.1758
    3.6459
    4.2074
    4.7906
    5.3053
    5.6706
    5.8479
    5.8545
    5.7497
    5.6054
    5.4816
    5.4132
    5.4092
    5.4567
    5.5295
    5.5975
    5.6376
    5.6403
    5.6095
    5.5545
    5.4802
    5.3809
    5.2417
    5.0489
    4.8021
    4.5220
    4.2462
    4.0163
    3.8635
    3.8000
    3.8151
    3.8755
    3.9316
    3.9347
    3.8593
    3.7193
    3.5603
    3.4369
    3.3899
    3.4336
    3.5507
    3.6913
    3.7842
    3.7661
    3.6197
    3.3871
    3.1463
    2.9728
    2.9175
    3.0046
    3.2343
    3.5793
    3.9772
    4.3352
    4.5616
    4.6093
    4.4977
    4.2941
    4.0753
    3.8981
    3.7907
    2.4758
    2.5082
    2.6373
    2.8635
    3.1748
    3.5409
    3.9092
    4.2130
    4.3932
    4.4268
    4.3387
    4.1905
    4.0537
    3.9868
    4.0250
    4.1791
    4.4345
    4.7516
    5.0701
    5.3238
    5.4632
    5.4718
    5.3647
    5.1736
    4.9298
    4.6564
    4.3724
    4.0984
    3.8613
    3.6905
    3.6120
    3.6397
    3.7683
    3.9642
    4.1620
    4.2779
    4.2478
    4.0689
    3.8069
    3.5600
    3.4133
    3.4167
    3.5810
    3.8721
    4.1989
    4.4222
    4.4149
    4.1482
    3.7165
    3.2696
    2.9283
    2.7537
    2.7645
    2.9573
    3.3114
    3.7794
    4.2821
    4.7249
    5.0337
    5.1825
    5.1914
    5.1025
    4.9562
    4.7837
    2.4774
    2.4512
    2.4761
    2.5521
    2.6743
    2.8301
    2.9963
    3.1416
    3.2366
    3.2676
    3.2466
    3.2091
    3.2008
    3.2641
    3.4281
    3.7019
    4.0669
    4.4707
    4.8317
    5.0655
    5.1217
    5.0064
    4.7705
    4.4779
    4.1783
    3.8993
    3.6535
    3.4500
    3.3029
    3.2323
    3.2604
    3.4031
    3.6592
    3.9950
    4.3327
    4.5630
    4.5965
    4.4262
    4.1408
    3.8718
    3.7330
    3.7936
    4.0782
    4.5569
    5.1168
    5.5561
    5.6645
    5.3679
    4.7908
    4.1565
    3.6464
    3.3466
    3.2740
    3.4122
    3.7256
    4.1563
    4.6253
    5.0511
    5.3774
    5.5862
    5.6859
    5.6900
    5.6057
    5.4414
    2.5704
    2.4936
    2.4569
    2.4640
    2.5153
    2.6044
    2.7165
    2.8288
    2.9185
    2.9738
    3.0027
    3.0328
    3.1022
    3.2468
    3.4886
    3.8245
    4.2137
    4.5742
    4.8040
    4.8290
    4.6462
    4.3243
    3.9592
    3.6285
    3.3711
    3.1928
    3.0809
    3.0203
    3.0041
    3.0394
    3.1442
    3.3390
    3.6318
    4.0010
    4.3805
    4.6667
    4.7654
    4.6566
    4.4190
    4.1870
    4.0876
    4.2095
    4.5998
    5.2518
    6.0661
    6.8220
    7.2423
    7.1651
    6.6670
    5.9949
    5.3929
    5.0008
    4.8556
    4.9283
    5.1486
    5.4207
    5.6498
    5.7777
    5.8025
    5.7636
    5.7062
    5.6530
    5.5979
    5.5209
    2.8770
    2.7991
    2.7829
    2.8305
    2.9356
    3.0801
    3.2328
    3.3555
    3.4172
    3.4117
    3.3645
    3.3240
    3.3433
    3.4645
    3.7078
    4.0587
    4.4545
    4.7827
    4.9173
    4.7881
    4.4295
    3.9582
    3.5012
    3.1422
    2.9124
    2.8068
    2.8024
    2.8703
    2.9844
    3.1296
    3.3053
    3.5200
    3.7783
    4.0642
    4.3303
    4.5064
    4.5341
    4.4112
    4.2060
    4.0278
    3.9848
    4.1614
    4.6162
    5.3697
    6.3646
    7.4214
    8.2626
    8.6539
    8.5614
    8.1594
    7.6917
    7.3359
    7.1554
    7.1147
    7.1150
    7.0429
    6.8285
    6.4819
    6.0803
    5.7172
    5.4579
    5.3232
    5.2950
    5.3325
    3.5285
    3.5002
    3.5590
    3.7024
    3.9074
    4.1263
    4.2909
    4.3345
    4.2262
    3.9929
    3.7096
    3.4649
    3.3306
    3.3520
    3.5487
    3.9104
    4.3792
    4.8333
    5.1093
    5.0821
    4.7492
    4.2323
    3.6936
    3.2528
    2.9631
    2.8299
    2.8346
    2.9484
    3.1372
    3.3659
    3.6043
    3.8303
    4.0268
    4.1745
    4.2475
    4.2219
    4.0934
    3.8937
    3.6872
    3.5521
    3.5618
    3.7795
    4.2585
    5.0324
    6.0808
    7.2846
    8.4223
    9.2576
    9.6737
    9.7293
    9.5875
    9.3972
    9.2202
    9.0244
    8.7262
    8.2586
    7.6287
    6.9240
    6.2654
    5.7502
    5.4247
    5.2866
    5.2995
    5.4077
    4.5721
    4.5949
    4.6770
    4.8104
    4.9604
    5.0655
    5.0525
    4.8695
    4.5190
    4.0661
    3.6091
    3.2393
    3.0174
    2.9765
    3.1335
    3.4924
    4.0270
    4.6495
    5.1957
    5.4744
    5.3765
    4.9515
    4.3673
    3.8008
    3.3636
    3.0966
    2.9978
    3.0465
    3.2123
    3.4570
    3.7340
    3.9923
    4.1852
    4.2775
    4.2535
    4.1208
    3.9115
    3.6773
    3.4780
    3.3708
    3.4050
    3.6235
    4.0644
    4.7535
    5.6834
    6.7872
    7.9330
    8.9639
    9.7663
   10.3115
   10.6348
   10.7770
   10.7387
   10.4799
    9.9644
    9.2152
    8.3346
    7.4681
    6.7445
    6.2369
    5.9583
    5.8752
    5.9228
    6.0220
    5.9290
    5.9480
    5.8971
    5.7890
    5.6316
    5.4202
    5.1419
    4.7893
    4.3745
    3.9344
    3.5217
    3.1895
    2.9790
    2.9183
    3.0266
    3.3162
    3.7822
    4.3772
    4.9855
    5.4320
    5.5548
    5.3060
    4.7849
    4.1684
    3.6126
    3.2041
    2.9692
    2.9017
    2.9825
    3.1850
    3.4719
    3.7922
    4.0852
    4.2940
    4.3825
    4.3472
    4.2169
    4.0416
    3.8769
    3.7723
    3.7662
    3.8862
    4.1507
    4.5689
    5.1388
    5.8456
    6.6634
    7.5611
    8.5058
    9.4566
   10.3473
   11.0697
   11.4836
   11.4672
   10.9920
   10.1640
    9.1865
    8.2711
    7.5637
    7.1229
    6.9332
    6.9240
    6.9889
    7.0170
    7.3217
    7.3065
    7.0451
    6.6157
    6.1205
    5.6392
    5.2122
    4.8459
    4.5275
    4.2413
    3.9803
    3.7523
    3.5773
    3.4814
    3.4891
    3.6166
    3.8649
    4.2073
    4.5772
    4.8681
    4.9648
    4.8025
    4.4099
    3.8948
    3.3836
    2.9685
    2.6936
    2.5694
    2.5905
    2.7457
    3.0180
    3.3786
    3.7828
    4.1735
    4.4939
    4.7038
    4.7910
    4.7704
    4.6748
    4.5428
    4.4102
    4.3065
    4.2557
    4.2791
    4.3991
    4.6430
    5.0433
    5.6358
    6.4489
    7.4805
    8.6644
    9.8412
   10.7717
   11.2239
   11.0990
   10.4982
    9.6641
    8.8528
    8.2385
    7.8892
    7.7837
    7.8339
    7.9094
    7.8826
    8.1652
    8.1275
    7.7803
    7.2351
    6.6325
    6.0830
    5.6443
    5.3261
    5.1065
    4.9473
    4.8098
    4.6669
    4.5123
    4.3602
    4.2361
    4.1643
    4.1564
    4.2041
    4.2751
    4.3173
    4.2727
    4.1031
    3.8122
    3.4465
    3.0742
    2.7565
    2.5330
    2.4219
    2.4288
    2.5532
    2.7903
    3.1278
    3.5412
    3.9909
    4.4261
    4.7938
    5.0507
    5.1720
    5.1553
    5.0186
    4.7962
    4.5321
    4.2737
    4.0666
    3.9518
    3.9657
    4.1430
    4.5178
    5.1198
    5.9582
    6.9940
    8.1100
    9.1121
    9.7891
   10.0161
    9.8235
    9.3732
    8.8668
    8.4607
    8.2313
    8.1760
    8.2302
    8.2906
    8.2558
